OBJ 406.0
1 15
15 2
16 3
16 4
16 31
17 5
17 28
20 35
21 8
22 9
23 38
24 39
26 13
26 14
27 41
6 774
7 775
10 778
11 779
12 780
29 42
30 43
32 44
33 45
34 47
36 48
37 50
40 52
42 55
42 56
43 57
44 58
48 63
50 64
53 68
59 71
60 73
61 73
62 74
65 77
66 78
67 79
69 82
69 83
70 85
72 86
73 87
75 89
75 90
78 93
80 94
81 95
84 97
88 100
91 103
92 105
96 109
96 110
96 111
97 112
98 113
102 116
106 120
108 122
114 126
115 127
117 129
118 130
119 131
121 133
123 136
125 139
127 142
129 144
131 145
132 147
133 148
135 149
137 162
138 151
140 152
141 153
143 155
146 158
150 163
150 164
150 165
152 167
154 169
157 172
159 174
162 176
166 179
168 181
170 183
171 184
173 186
175 187
177 190
181 195
182 196
183 197
184 199
187 201
187 202
189 191
189 203
192 204
193 206
194 207
198 210
200 213
204 217
204 218
205 219
206 220
210 225
212 226
212 227
214 228
216 230
221 233
222 235
223 235
224 236
229 241
231 244
233 247
233 248
236 251
237 252
238 253
241 255
241 256
243 245
243 257
246 258
249 261
250 263
254 266
258 271
263 278
264 279
269 283
270 284
272 285
273 285
274 287
275 287
276 289
277 289
280 292
281 294
282 294
285 298
287 301
287 302
290 305
291 306
293 308
294 309
297 299
297 311
300 312
303 315
304 317
307 320
310 322
312 325
312 326
313 327
314 328
318 333
320 334
324 338
329 341
330 343
331 343
332 344
335 347
336 348
337 350
339 352
339 353
340 354
341 355
345 360
347 361
350 365
356 368
357 370
358 370
359 371
362 374
363 375
364 376
367 382
368 383
369 384
370 385
375 389
379 405
380 405
381 394
386 398
387 399
388 400
390 402
391 404
392 405
393 406
393 407
394 409
396 410
397 411
399 413
399 414
402 417
404 418
405 419
408 421
412 424
415 427
416 429
420 433
420 434
421 436
423 437
424 438
426 440
426 441
429 444
431 445
432 446
435 448
439 451
442 454
443 456
447 460
447 461
448 463
450 464
451 465
453 467
453 468
456 471
458 472
459 473
462 475
466 478
469 481
470 483
474 487
474 488
475 490
477 491
478 492
480 494
480 495
483 498
485 499
486 500
489 502
493 505
496 508
497 510
501 514
501 515
502 517
504 518
505 519
507 521
507 522
510 525
512 526
513 527
516 529
520 532
523 535
524 537
528 541
528 542
529 544
531 545
532 546
534 548
534 549
537 552
539 553
540 554
543 556
547 559
550 562
551 564
555 568
555 569
556 571
558 572
559 573
561 575
561 576
564 579
566 580
567 581
570 583
574 586
577 589
578 591
582 595
582 596
583 598
585 599
586 600
588 602
588 603
591 606
593 607
594 608
597 610
601 613
604 616
605 618
609 622
609 623
610 625
612 626
613 627
615 629
615 630
618 633
620 634
621 635
624 637
628 640
631 643
632 645
636 649
636 650
637 652
639 653
640 654
642 656
642 657
645 660
647 661
648 662
651 664
655 667
658 670
659 672
663 676
663 677
664 679
666 680
667 681
669 683
669 684
672 687
674 688
675 689
678 691
682 694
685 697
686 699
690 703
690 704
691 706
693 707
694 708
696 710
696 711
699 714
701 715
702 716
705 718
709 721
712 724
713 726
717 730
717 731
718 733
720 734
721 735
723 737
723 738
726 741
728 742
729 743
732 745
736 748
739 751
740 753
744 757
744 758
745 760
747 761
748 762
750 764
750 765
753 768
755 769
756 770
759 772
763 775
766 778
767 780
