OBJ 552.0
1 25
25 2
25 3
26 4
26 50
27 5
27 51
27 52
28 6
29 54
31 56
32 9
32 10
32 57
34 11
34 59
35 12
35 60
36 61
37 62
38 15
41 18
41 66
42 20
43 67
44 22
44 68
45 69
47 71
7 1064
8 1064
13 1069
14 1070
16 1072
17 1074
19 1075
21 1077
23 1079
24 1080
48 93
49 94
53 76
55 77
58 80
63 85
64 86
65 88
70 92
72 95
72 96
73 97
76 100
76 101
78 102
78 103
81 106
84 108
88 112
89 113
90 114
92 116
94 118
98 121
99 121
104 127
105 128
107 129
109 131
110 132
111 133
115 137
117 139
119 142
119 143
120 145
121 146
125 149
126 151
133 157
135 160
137 161
138 163
139 164
140 165
144 166
147 170
148 170
150 172
152 174
153 176
154 176
155 178
156 178
158 180
159 181
162 184
166 189
166 190
167 191
170 194
170 195
172 196
172 197
175 200
178 202
182 206
183 207
184 208
186 210
188 212
192 215
193 215
198 221
199 222
201 223
203 225
204 226
205 227
209 231
211 233
213 236
213 237
214 238
215 240
217 241
219 244
221 245
223 248
224 249
226 250
228 253
233 257
235 259
239 262
242 264
243 266
246 268
247 270
251 273
252 275
254 276
255 277
256 278
258 280
260 283
260 284
260 285
262 286
263 287
264 288
265 289
266 290
267 291
267 292
269 293
269 294
272 296
273 297
274 298
275 299
276 300
277 301
277 302
279 303
279 304
282 306
295 318
305 327
307 330
307 331
308 332
311 336
312 337
313 338
315 339
316 341
318 342
320 345
322 346
325 349
327 352
328 353
333 355
334 356
335 358
340 363
343 366
344 366
347 370
348 370
350 373
351 373
354 377
356 381
358 382
358 383
362 386
364 389
365 390
366 391
367 392
369 394
372 397
376 400
378 423
379 402
380 403
384 406
385 407
387 409
388 410
393 416
395 417
396 418
398 421
399 421
401 424
401 425
401 426
403 427
404 428
405 429
406 430
407 431
408 432
408 433
410 434
410 435
413 437
414 438
415 439
416 440
417 441
418 442
418 443
420 444
420 445
423 447
436 459
446 468
448 471
448 472
448 473
450 474
451 475
452 476
453 477
454 478
455 479
455 480
457 481
457 482
460 484
461 485
462 486
463 487
464 488
465 489
465 490
467 491
467 492
470 494
483 506
493 515
496 521
497 522
503 527
506 531
507 532
513 537
516 541
518 564
519 564
520 542
523 545
524 546
525 547
526 548
528 550
529 552
530 552
533 555
534 556
535 557
536 558
538 560
539 562
540 562
542 565
542 566
543 567
546 571
547 572
548 573
550 574
551 576
553 577
555 580
557 581
560 584
562 587
564 588
568 590
569 591
570 593
575 598
578 601
579 601
582 605
583 605
585 607
586 608
589 612
591 616
592 617
595 620
596 621
600 625
601 626
602 627
603 628
605 630
606 631
607 632
609 634
610 635
611 613
614 636
615 637
618 640
619 641
622 644
623 645
624 646
629 651
633 655
636 659
636 660
638 662
639 664
641 665
646 670
647 672
650 674
652 677
654 679
656 680
656 681
658 682
661 683
663 685
666 689
667 689
668 690
669 691
671 694
673 695
675 698
676 698
678 701
683 706
683 708
687 712
688 713
690 714
691 715
693 718
696 721
699 723
701 726
702 727
703 728
705 707
705 729
709 731
710 733
711 733
716 738
717 739
719 742
720 743
722 744
724 746
725 748
730 753
730 754
732 756
733 757
734 759
736 760
739 763
743 767
746 770
747 771
749 773
750 774
752 776
755 778
758 780
761 783
762 784
764 786
765 787
766 788
768 790
769 791
772 794
775 797
777 800
777 801
778 802
780 804
781 805
785 810
786 811
790 814
790 815
791 816
792 817
795 819
796 821
797 822
799 823
803 825
806 828
807 829
808 830
809 831
812 835
813 835
818 841
820 843
824 847
824 848
824 849
825 850
827 851
828 853
829 854
830 855
835 859
838 863
840 865
842 866
843 868
844 869
846 870
852 874
856 878
857 879
858 881
860 882
861 883
862 884
864 886
867 889
871 894
871 895
871 896
873 897
874 898
876 900
877 902
883 907
887 912
888 913
890 915
891 916
892 917
899 921
901 923
903 925
904 926
905 928
906 928
908 930
909 932
910 932
911 933
914 936
918 941
918 942
921 945
922 947
924 948
926 951
927 952
932 957
934 959
936 960
937 962
938 963
940 964
943 965
944 966
946 968
949 971
950 972
953 975
954 976
955 977
956 978
958 980
961 983
965 988
965 989
965 990
966 991
968 992
969 994
970 995
971 996
976 1000
979 1004
981 1006
983 1007
984 1009
985 1010
987 1011
993 1015
997 1019
998 1020
999 1022
1001 1023
1002 1024
1003 1025
1005 1027
1008 1030
1012 1035
1012 1036
1013 1037
1013 1038
1015 1040
1016 1041
1017 1042
1022 1046
1024 1049
1025 1050
1026 1051
1027 1052
1032 1056
1033 1057
1034 1058
1039 1062
1043 1065
1044 1066
1045 1067
1047 1069
1048 1070
1053 1075
1054 1076
1055 1077
