OBJ 2284.0
1 5
5 2
7 4
7 9
7 11
3 3995
8 13
10 13
12 15
12 17
13 18
16 19
19 22
19 24
20 25
23 26
26 29
28 32
30 33
31 33
33 36
33 38
35 39
37 40
40 43
40 45
42 46
44 47
47 50
47 52
49 53
51 54
54 57
54 59
55 60
58 63
61 64
61 66
62 67
65 68
68 71
68 73
69 74
72 75
75 78
75 80
76 81
79 82
82 85
82 87
83 88
86 89
89 92
89 93
90 94
91 95
96 99
97 102
100 103
101 104
103 106
104 109
107 110
108 111
110 113
111 116
114 117
115 118
117 120
119 123
121 124
122 124
124 127
125 130
128 131
129 132
131 134
132 137
135 138
136 139
138 141
139 144
142 145
143 146
145 148
146 151
149 152
150 153
152 155
152 156
153 157
154 158
159 162
160 165
163 166
164 167
166 169
167 172
170 173
171 174
173 176
174 179
177 180
178 181
180 183
181 186
184 189
185 187
187 190
189 193
191 196
192 194
194 197
196 200
198 203
199 201
201 204
203 207
205 210
206 208
208 211
210 214
212 217
213 215
215 218
217 221
219 224
220 222
222 225
223 228
226 229
227 230
229 232
230 235
233 236
234 237
236 239
237 242
240 243
241 244
243 246
245 249
247 250
248 250
250 253
250 255
251 256
254 257
257 260
257 262
258 263
261 264
264 267
264 269
265 270
268 271
271 274
271 276
272 277
275 278
278 281
280 284
282 285
283 285
285 288
285 290
287 291
289 292
292 295
292 297
294 298
296 299
299 302
299 304
301 305
303 306
306 309
308 312
310 313
311 313
313 316
313 318
314 319
317 320
320 323
320 325
321 326
324 327
327 330
327 332
328 333
331 334
334 337
334 339
335 340
338 341
341 344
343 347
345 348
346 348
348 351
349 354
352 355
353 356
355 358
356 361
359 362
360 363
362 365
363 368
366 369
367 370
369 372
371 375
373 376
374 376
376 379
377 382
380 383
381 384
383 386
384 389
387 390
388 391
390 393
391 396
394 397
395 398
397 400
398 403
401 404
402 405
404 407
404 408
405 409
406 410
411 414
411 416
412 417
415 418
418 421
418 423
419 424
422 425
425 428
425 430
426 431
429 432
432 435
432 437
434 438
436 439
439 442
439 444
441 445
443 446
446 449
446 451
448 452
450 453
453 456
453 458
455 459
457 460
460 463
460 465
462 466
464 467
467 470
468 473
471 474
472 475
474 477
475 480
478 481
479 482
481 484
482 487
485 488
486 489
488 491
489 494
492 495
493 496
495 498
495 499
496 500
497 501
502 505
503 508
506 509
507 510
509 512
510 515
513 516
514 517
516 519
517 522
520 523
521 524
523 526
525 529
527 530
528 530
530 533
530 535
531 536
534 537
537 540
537 542
538 543
541 544
544 547
544 549
545 550
548 551
551 554
551 556
552 557
555 558
558 561
558 563
559 564
562 567
565 568
565 570
566 571
569 572
572 575
572 577
573 578
576 579
579 582
579 584
580 585
583 586
586 589
586 591
587 592
590 593
593 596
593 597
594 598
595 599
600 603
601 606
604 607
605 608
607 610
608 613
611 614
612 615
614 617
615 620
618 621
619 622
621 624
623 627
625 628
626 628
628 631
628 633
630 634
632 635
635 638
635 640
637 641
639 642
642 645
642 647
644 648
646 649
649 652
651 655
653 656
654 656
656 659
657 662
660 663
661 664
663 666
664 669
667 670
668 671
670 673
671 676
674 677
675 678
677 680
678 683
681 684
682 685
684 687
684 688
686 690
689 692
691 694
691 696
693 697
695 698
698 701
698 703
700 704
702 705
705 708
705 710
707 711
709 712
712 715
712 716
713 717
714 718
719 722
719 724
720 725
723 726
726 729
726 731
727 732
730 733
733 736
733 738
734 739
737 740
740 743
740 745
741 746
744 747
747 750
747 751
748 752
749 753
754 757
754 759
755 760
758 761
761 764
761 766
762 767
765 768
768 771
768 773
769 774
772 775
775 778
775 780
777 781
779 782
782 785
782 787
783 788
786 789
789 792
789 794
790 795
793 796
796 799
796 801
797 802
800 803
803 806
803 808
804 809
807 810
810 813
812 816
814 817
815 817
817 820
817 822
819 823
821 824
824 827
824 829
826 830
828 831
831 834
831 836
833 837
835 838
838 841
840 844
842 845
843 845
845 848
846 851
849 852
850 853
852 855
853 858
856 859
857 860
859 862
860 865
863 866
864 867
866 869
867 872
870 873
871 874
873 876
873 877
875 879
878 881
880 883
880 885
882 886
884 887
887 890
887 892
889 893
891 894
894 897
894 899
896 900
898 901
901 904
901 905
902 906
903 907
908 911
908 913
909 914
912 915
915 918
915 920
916 921
919 922
922 925
922 927
923 928
926 929
929 932
929 934
930 935
933 936
936 939
936 940
938 942
941 944
943 946
943 948
945 949
947 950
950 953
950 955
952 956
954 957
957 960
957 962
959 963
961 964
964 967
964 968
965 969
966 970
971 974
971 976
972 977
975 978
978 981
978 983
979 984
982 985
985 988
985 990
986 991
989 992
992 995
992 997
994 998
996 999
999 1002
999 1004
1000 1005
1003 1006
1006 1009
1006 1011
1007 1012
1010 1013
1013 1016
1013 1018
1014 1019
1017 1020
1020 1023
1020 1025
1021 1026
1024 1027
1027 1030
1029 1033
1031 1034
1032 1034
1034 1037
1034 1039
1036 1040
1038 1041
1041 1044
1041 1046
1043 1047
1045 1048
1048 1051
1048 1053
1050 1054
1052 1055
1055 1058
1057 1061
1059 1062
1060 1062
1062 1065
1062 1067
1063 1068
1066 1069
1069 1072
1069 1074
1070 1075
1073 1076
1076 1079
1076 1081
1077 1082
1080 1083
1083 1086
1083 1088
1084 1089
1087 1090
1090 1093
1092 1096
1094 1097
1095 1097
1097 1100
1098 1103
1101 1104
1102 1105
1104 1107
1105 1110
1108 1111
1109 1112
1111 1114
1112 1117
1115 1118
1116 1119
1118 1121
1120 1124
1122 1125
1123 1125
1125 1128
1126 1131
1129 1132
1130 1133
1132 1135
1133 1138
1136 1139
1137 1140
1139 1142
1140 1145
1143 1146
1144 1147
1146 1149
1147 1152
1150 1153
1151 1154
1153 1156
1153 1157
1154 1158
1155 1159
1160 1163
1160 1165
1161 1166
1164 1167
1167 1170
1167 1172
1168 1173
1171 1174
1174 1177
1174 1179
1175 1180
1178 1181
1181 1184
1181 1186
1183 1187
1185 1188
1188 1191
1188 1193
1190 1194
1192 1195
1195 1198
1195 1200
1197 1201
1199 1202
1202 1205
1202 1207
1204 1208
1206 1209
1209 1212
1209 1214
1211 1215
1213 1216
1216 1219
1217 1222
1220 1223
1221 1224
1223 1226
1224 1229
1227 1230
1228 1231
1230 1233
1231 1236
1234 1237
1235 1238
1237 1240
1238 1243
1241 1244
1242 1245
1244 1247
1244 1248
1245 1249
1246 1250
1251 1254
1251 1256
1252 1257
1255 1258
1258 1261
1258 1263
1259 1264
1262 1265
1265 1268
1265 1270
1266 1271
1269 1272
1272 1275
1272 1277
1274 1278
1276 1279
1279 1282
1279 1284
1280 1285
1283 1286
1286 1289
1286 1291
1287 1292
1290 1293
1293 1296
1293 1298
1294 1299
1297 1300
1300 1303
1300 1305
1301 1306
1304 1307
1307 1310
1309 1313
1311 1314
1312 1314
1314 1317
1314 1319
1316 1320
1318 1321
1321 1324
1321 1326
1323 1327
1325 1328
1328 1331
1328 1333
1330 1334
1332 1335
1335 1338
1337 1341
1339 1342
1340 1342
1342 1345
1343 1348
1346 1349
1347 1350
1349 1352
1350 1355
1353 1356
1354 1357
1356 1359
1357 1362
1360 1363
1361 1364
1363 1366
1364 1369
1367 1370
1368 1371
1370 1373
1370 1374
1372 1376
1375 1378
1377 1380
1377 1382
1379 1383
1381 1384
1384 1387
1384 1389
1386 1390
1388 1391
1391 1394
1391 1396
1393 1397
1395 1398
1398 1401
1398 1402
1399 1403
1400 1404
1405 1408
1405 1410
1406 1411
1409 1412
1412 1415
1412 1417
1413 1418
1416 1419
1419 1422
1419 1424
1420 1425
1423 1426
1426 1429
1426 1431
1427 1432
1430 1433
1433 1436
1433 1437
1435 1439
1438 1441
1440 1443
1440 1445
1442 1446
1444 1447
1447 1450
1447 1452
1449 1453
1451 1454
1454 1457
1454 1459
1456 1460
1458 1461
1461 1464
1461 1465
1462 1466
1463 1467
1468 1471
1468 1473
1469 1474
1472 1475
1475 1478
1475 1480
1476 1481
1479 1482
1482 1485
1482 1487
1483 1488
1486 1489
1489 1492
1489 1494
1491 1495
1493 1496
1496 1499
1496 1501
1497 1502
1500 1503
1503 1506
1503 1508
1504 1509
1507 1510
1510 1513
1510 1515
1511 1516
1514 1517
1517 1520
1517 1522
1518 1523
1521 1524
1524 1527
1526 1530
1528 1531
1529 1531
1531 1534
1531 1536
1533 1537
1535 1538
1538 1541
1538 1543
1540 1544
1542 1545
1545 1548
1545 1550
1547 1551
1549 1552
1552 1555
1552 1557
1553 1558
1556 1561
1559 1562
1559 1564
1560 1565
1563 1566
1566 1569
1566 1571
1567 1572
1570 1573
1573 1576
1573 1578
1574 1579
1577 1580
1580 1583
1580 1585
1581 1586
1584 1587
1587 1590
1587 1591
1588 1592
1589 1593
1594 1597
1595 1600
1598 1601
1599 1602
1601 1604
1602 1607
1605 1608
1606 1609
1608 1611
1609 1614
1612 1615
1613 1616
1615 1618
1617 1621
1619 1622
1620 1622
1622 1625
1623 1628
1626 1629
1627 1630
1629 1632
1630 1635
1633 1636
1634 1637
1636 1639
1637 1642
1640 1643
1641 1644
1643 1646
1644 1649
1647 1650
1648 1651
1650 1653
1650 1654
1651 1655
1652 1656
1657 1660
1658 1663
1661 1664
1662 1665
1664 1667
1665 1670
1668 1671
1669 1672
1671 1674
1672 1677
1675 1678
1676 1679
1678 1681
1679 1684
1682 1687
1683 1685
1685 1688
1687 1691
1689 1694
1690 1692
1692 1695
1694 1698
1696 1701
1697 1699
1699 1702
1701 1705
1703 1708
1704 1706
1706 1709
1708 1712
1710 1715
1711 1713
1713 1716
1715 1719
1717 1722
1718 1720
1720 1723
1721 1726
1724 1727
1725 1728
1727 1730
1728 1733
1731 1734
1732 1735
1734 1737
1735 1740
1738 1741
1739 1742
1741 1744
1743 1747
1745 1748
1746 1748
1748 1751
1748 1753
1749 1754
1752 1755
1755 1758
1755 1760
1756 1761
1759 1762
1762 1765
1762 1767
1763 1768
1766 1769
1769 1772
1769 1774
1770 1775
1773 1776
1776 1779
1778 1782
1780 1783
1781 1783
1783 1786
1783 1788
1785 1789
1787 1790
1790 1793
1790 1795
1792 1796
1794 1797
1797 1800
1797 1802
1799 1803
1801 1804
1804 1807
1806 1810
1808 1811
1809 1811
1811 1814
1811 1816
1812 1817
1815 1818
1818 1821
1818 1823
1819 1824
1822 1825
1825 1828
1825 1830
1826 1831
1829 1832
1832 1835
1832 1837
1833 1838
1836 1839
1839 1842
1841 1845
1843 1846
1844 1846
1846 1849
1847 1852
1850 1853
1851 1854
1853 1856
1854 1859
1857 1860
1858 1861
1860 1863
1861 1866
1864 1867
1865 1868
1867 1870
1869 1873
1871 1874
1872 1874
1874 1877
1875 1880
1878 1881
1879 1882
1881 1884
1882 1887
1885 1888
1886 1889
1888 1891
1889 1894
1892 1895
1893 1896
1895 1898
1896 1901
1899 1902
1900 1903
1902 1905
1902 1906
1903 1907
1904 1908
1909 1912
1909 1914
1910 1915
1913 1916
1916 1919
1916 1921
1917 1922
1920 1923
1923 1926
1923 1928
1924 1929
1927 1930
1930 1933
1930 1935
1932 1936
1934 1937
1937 1940
1937 1942
1939 1943
1941 1944
1944 1947
1944 1949
1946 1950
1948 1951
1951 1954
1951 1956
1953 1957
1955 1958
1958 1961
1958 1963
1960 1964
1962 1965
1965 1968
1966 1971
1969 1972
1970 1973
1972 1975
1973 1978
1976 1979
1977 1980
1979 1982
1980 1985
1983 1986
1984 1987
1986 1989
1987 1992
1990 1993
1991 1994
1995 1997
1996 2002
1998 2000
1999 2001
2000 2003
2001 2006
2004 2007
2005 2008
2007 2010
2008 2013
2011 2014
2012 2015
2014 2017
2015 2020
2018 2021
2019 2022
2021 2024
2023 2027
2025 2028
2026 2028
2028 2031
2028 2033
2029 2034
2032 2035
2035 2038
2035 2040
2036 2041
2039 2042
2042 2045
2042 2047
2043 2048
2046 2049
2049 2052
2049 2054
2050 2055
2053 2056
2056 2059
2056 2061
2057 2062
2060 2065
2063 2066
2063 2068
2064 2069
2067 2070
2070 2073
2070 2075
2071 2076
2074 2077
2077 2080
2077 2082
2078 2083
2081 2084
2084 2087
2084 2089
2085 2090
2088 2091
2091 2094
2091 2095
2092 2096
2093 2097
2098 2101
2099 2104
2102 2105
2103 2106
2105 2108
2106 2111
2109 2112
2110 2113
2112 2115
2113 2118
2116 2119
2117 2120
2119 2122
2121 2125
2123 2126
2124 2126
2126 2129
2126 2131
2128 2132
2130 2133
2133 2136
2133 2138
2135 2139
2137 2140
2140 2143
2140 2145
2142 2146
2144 2147
2147 2150
2149 2153
2151 2154
2152 2154
2154 2157
2155 2160
2158 2161
2159 2162
2161 2164
2162 2167
2165 2168
2166 2169
2168 2171
2169 2174
2172 2175
2173 2176
2175 2178
2176 2181
2179 2182
2180 2183
2182 2185
2182 2186
2184 2188
2187 2190
2189 2192
2189 2194
2191 2195
2193 2196
2196 2199
2196 2201
2198 2202
2200 2203
2203 2206
2203 2208
2205 2209
2207 2210
2210 2213
2210 2214
2211 2215
2212 2216
2217 2220
2217 2222
2218 2223
2221 2224
2224 2227
2224 2229
2225 2230
2228 2231
2231 2234
2231 2236
2232 2237
2235 2238
2238 2241
2238 2243
2239 2244
2242 2245
2245 2248
2245 2249
2246 2250
2247 2251
2252 2255
2252 2257
2253 2258
2256 2259
2259 2262
2259 2264
2260 2265
2263 2266
2266 2269
2266 2271
2267 2272
2270 2273
2273 2276
2273 2278
2275 2279
2277 2280
2280 2283
2280 2285
2281 2286
2284 2287
2287 2290
2287 2292
2288 2293
2291 2294
2294 2297
2294 2299
2295 2300
2298 2301
2301 2304
2301 2306
2302 2307
2305 2308
2308 2311
2310 2314
2312 2315
2313 2315
2315 2318
2315 2320
2317 2321
2319 2322
2322 2325
2322 2327
2324 2328
2326 2329
2329 2332
2329 2334
2331 2335
2333 2336
2336 2339
2338 2342
2340 2343
2341 2343
2343 2346
2344 2349
2347 2350
2348 2351
2350 2353
2351 2356
2354 2357
2355 2358
2357 2360
2358 2363
2361 2364
2362 2365
2364 2367
2365 2370
2368 2371
2369 2372
2371 2374
2371 2375
2373 2377
2376 2379
2378 2381
2378 2383
2380 2384
2382 2385
2385 2388
2385 2390
2387 2391
2389 2392
2392 2395
2392 2397
2394 2398
2396 2399
2399 2402
2399 2403
2400 2404
2401 2405
2406 2409
2406 2411
2407 2412
2410 2413
2413 2416
2413 2418
2414 2419
2417 2420
2420 2423
2420 2425
2421 2426
2424 2427
2427 2430
2427 2432
2428 2433
2431 2434
2434 2437
2434 2438
2436 2440
2439 2442
2441 2444
2441 2446
2443 2447
2445 2448
2448 2451
2448 2453
2450 2454
2452 2455
2455 2458
2455 2460
2457 2461
2459 2462
2462 2465
2462 2466
2463 2467
2464 2468
2469 2472
2469 2474
2470 2475
2473 2476
2476 2479
2476 2481
2477 2482
2480 2483
2483 2486
2483 2488
2484 2489
2487 2490
2490 2493
2490 2495
2492 2496
2494 2497
2497 2500
2498 2503
2501 2504
2502 2505
2504 2507
2505 2510
2508 2511
2509 2512
2511 2514
2512 2517
2515 2518
2516 2519
2518 2521
2519 2524
2522 2525
2523 2526
2525 2528
2525 2529
2526 2530
2527 2531
2532 2535
2532 2537
2533 2538
2536 2539
2539 2542
2539 2544
2540 2545
2543 2546
2546 2549
2546 2551
2547 2552
2550 2553
2553 2556
2553 2558
2555 2559
2557 2560
2560 2563
2560 2565
2562 2566
2564 2567
2567 2570
2567 2572
2569 2573
2571 2574
2574 2577
2574 2579
2576 2580
2578 2581
2581 2584
2581 2586
2583 2587
2585 2588
2588 2591
2589 2594
2592 2595
2593 2596
2595 2598
2596 2601
2599 2602
2600 2603
2602 2605
2603 2608
2606 2609
2607 2610
2609 2612
2610 2615
2613 2616
2614 2617
2616 2619
2616 2620
2617 2621
2618 2622
2623 2626
2623 2628
2624 2629
2627 2630
2630 2633
2630 2635
2631 2636
2634 2637
2637 2640
2637 2642
2638 2643
2641 2644
2644 2647
2644 2649
2645 2650
2648 2651
2651 2654
2651 2655
2652 2656
2653 2657
2658 2661
2658 2663
2659 2664
2662 2665
2665 2668
2665 2670
2666 2671
2669 2672
2672 2675
2672 2677
2673 2678
2676 2679
2679 2682
2679 2684
2681 2685
2683 2686
2686 2689
2686 2691
2687 2692
2690 2693
2693 2696
2693 2698
2694 2699
2697 2700
2700 2703
2700 2705
2701 2706
2704 2707
2707 2710
2707 2712
2708 2713
2711 2714
2714 2717
2716 2720
2718 2721
2719 2721
2721 2724
2721 2726
2723 2727
2725 2728
2728 2731
2728 2733
2730 2734
2732 2735
2735 2738
2735 2740
2737 2741
2739 2742
2742 2745
2742 2747
2743 2748
2746 2751
2749 2752
2749 2754
2750 2755
2753 2756
2756 2759
2756 2761
2757 2762
2760 2763
2763 2766
2763 2768
2764 2769
2767 2770
2770 2773
2770 2775
2771 2776
2774 2777
2777 2780
2777 2781
2778 2782
2779 2783
2784 2787
2785 2790
2788 2791
2789 2792
2791 2794
2792 2797
2795 2798
2796 2799
2798 2801
2799 2804
2802 2805
2803 2806
2805 2808
2807 2811
2809 2812
2810 2812
2812 2815
2812 2817
2814 2818
2816 2819
2819 2822
2819 2824
2821 2825
2823 2826
2826 2829
2826 2831
2828 2832
2830 2833
2833 2836
2835 2839
2837 2840
2838 2840
2840 2843
2841 2846
2844 2847
2845 2848
2847 2850
2848 2853
2851 2854
2852 2855
2854 2857
2855 2860
2858 2861
2859 2862
2861 2864
2862 2867
2865 2868
2866 2869
2868 2871
2868 2872
2869 2873
2870 2874
2875 2878
2876 2881
2879 2882
2880 2883
2882 2885
2883 2888
2886 2889
2887 2890
2889 2892
2890 2895
2893 2896
2894 2897
2896 2899
2898 2902
2900 2903
2901 2903
2903 2906
2903 2908
2904 2909
2907 2910
2910 2913
2910 2915
2911 2916
2914 2917
2917 2920
2917 2922
2918 2923
2921 2924
2924 2927
2924 2929
2925 2930
2928 2931
2931 2934
2931 2936
2932 2937
2935 2940
2938 2941
2938 2943
2939 2944
2942 2945
2945 2948
2945 2950
2946 2951
2949 2952
2952 2955
2952 2957
2953 2958
2956 2959
2959 2962
2959 2964
2960 2965
2963 2966
2966 2969
2966 2970
2967 2971
2968 2972
2973 2976
2974 2979
2977 2980
2978 2981
2980 2983
2981 2986
2984 2987
2985 2988
2987 2990
2988 2993
2991 2994
2992 2995
2994 2997
2996 3000
2998 3001
2999 3001
3001 3004
3001 3006
3003 3007
3005 3008
3008 3011
3008 3013
3010 3014
3012 3015
3015 3018
3015 3020
3017 3021
3019 3022
3022 3025
3024 3028
3026 3029
3027 3029
3029 3032
3030 3035
3033 3036
3034 3037
3036 3039
3037 3042
3040 3043
3041 3044
3043 3046
3044 3049
3047 3050
3048 3051
3050 3053
3051 3056
3054 3057
3055 3058
3057 3060
3057 3061
3059 3063
3062 3065
3064 3067
3064 3069
3066 3070
3068 3071
3071 3074
3071 3076
3073 3077
3075 3078
3078 3081
3078 3083
3080 3084
3082 3085
3085 3088
3085 3089
3086 3090
3087 3091
3092 3095
3092 3097
3093 3098
3096 3099
3099 3102
3099 3104
3100 3105
3103 3106
3106 3109
3106 3111
3107 3112
3110 3113
3113 3116
3113 3118
3114 3119
3117 3120
3120 3123
3120 3124
3121 3125
3122 3126
3127 3130
3128 3133
3131 3134
3132 3135
3134 3137
3135 3140
3138 3141
3139 3142
3141 3144
3142 3147
3145 3148
3146 3149
3148 3151
3150 3154
3152 3155
3153 3155
3155 3158
3155 3160
3156 3161
3159 3162
3162 3165
3162 3167
3163 3168
3166 3169
3169 3172
3169 3174
3170 3175
3173 3176
3176 3179
3176 3181
3177 3182
3180 3183
3183 3186
3183 3188
3184 3189
3187 3192
3190 3193
3190 3195
3191 3196
3194 3197
3197 3200
3197 3202
3198 3203
3201 3204
3204 3207
3204 3209
3205 3210
3208 3211
3211 3214
3211 3216
3212 3217
3215 3218
3218 3221
3218 3222
3219 3223
3220 3224
3225 3228
3226 3231
3229 3232
3230 3233
3232 3235
3233 3238
3236 3239
3237 3240
3239 3242
3240 3245
3243 3246
3244 3247
3246 3249
3248 3252
3250 3253
3251 3253
3253 3256
3253 3258
3255 3259
3257 3260
3260 3263
3260 3265
3262 3266
3264 3267
3267 3270
3267 3272
3269 3273
3271 3274
3274 3277
3276 3280
3278 3281
3279 3281
3281 3284
3282 3287
3285 3288
3286 3289
3288 3291
3289 3294
3292 3295
3293 3296
3295 3298
3296 3301
3299 3302
3300 3303
3302 3305
3303 3308
3306 3309
3307 3310
3309 3312
3309 3313
3310 3314
3311 3315
3316 3319
3316 3321
3317 3322
3320 3323
3323 3326
3323 3328
3324 3329
3327 3330
3330 3333
3330 3335
3331 3336
3334 3337
3337 3340
3337 3342
3339 3343
3341 3344
3344 3347
3344 3349
3345 3350
3348 3351
3351 3354
3351 3356
3352 3357
3355 3358
3358 3361
3358 3363
3359 3364
3362 3365
3365 3368
3365 3370
3366 3371
3369 3372
3372 3375
3374 3378
3376 3379
3377 3379
3379 3382
3379 3384
3380 3385
3383 3386
3386 3389
3386 3391
3387 3392
3390 3393
3393 3396
3393 3398
3394 3399
3397 3400
3400 3403
3400 3405
3401 3406
3404 3407
3407 3410
3409 3413
3411 3414
3412 3414
3414 3417
3414 3419
3416 3420
3418 3421
3421 3424
3421 3426
3423 3427
3425 3428
3428 3431
3428 3433
3430 3434
3432 3435
3435 3438
3437 3441
3439 3442
3440 3442
3442 3445
3444 3446
3444 3448
3447 3450
3449 3452
3451 3453
3451 3455
3454 3457
3456 3459
3458 3460
3458 3462
3461 3464
3463 3466
3463 3467
3464 3468
3465 3469
3470 3473
3471 3476
3474 3477
3475 3478
3477 3480
3478 3483
3481 3484
3482 3485
3484 3487
3485 3490
3488 3491
3489 3492
3491 3494
3493 3497
3495 3498
3496 3498
3498 3501
3498 3503
3500 3504
3502 3505
3505 3508
3505 3510
3507 3511
3509 3512
3512 3515
3512 3517
3514 3518
3516 3519
3519 3522
3521 3525
3523 3526
3524 3526
3526 3529
3527 3532
3530 3533
3531 3534
3533 3536
3534 3539
3537 3540
3538 3541
3540 3543
3541 3546
3544 3547
3545 3548
3547 3550
3548 3553
3551 3554
3552 3555
3554 3557
3554 3558
3556 3560
3559 3562
3561 3564
3561 3566
3563 3567
3565 3568
3568 3571
3568 3573
3570 3574
3572 3575
3575 3578
3575 3580
3577 3581
3579 3582
3582 3585
3582 3586
3583 3587
3584 3588
3589 3592
3589 3594
3590 3595
3593 3596
3596 3599
3596 3601
3597 3602
3600 3603
3603 3606
3603 3608
3604 3609
3607 3610
3610 3613
3610 3615
3611 3616
3614 3617
3617 3620
3617 3621
3618 3622
3619 3623
3624 3627
3624 3629
3625 3630
3628 3631
3631 3634
3631 3636
3632 3637
3635 3638
3638 3641
3638 3643
3639 3644
3642 3645
3645 3648
3645 3650
3647 3651
3649 3652
3652 3655
3652 3657
3653 3658
3656 3659
3659 3662
3659 3664
3660 3665
3663 3666
3666 3669
3666 3671
3667 3672
3670 3673
3673 3676
3673 3678
3674 3679
3677 3680
3680 3683
3682 3686
3684 3687
3685 3687
3687 3690
3687 3692
3689 3693
3691 3694
3694 3697
3694 3699
3696 3700
3698 3701
3701 3704
3701 3706
3703 3707
3705 3708
3708 3711
3710 3714
3712 3715
3713 3715
3715 3718
3716 3721
3719 3722
3720 3723
3722 3725
3723 3728
3726 3729
3727 3730
3729 3732
3730 3735
3733 3736
3734 3737
3736 3739
3737 3742
3740 3743
3741 3744
3743 3746
3743 3747
3744 3748
3745 3749
3750 3753
3751 3756
3754 3757
3755 3758
3757 3760
3758 3763
3761 3764
3762 3765
3764 3767
3765 3770
3768 3771
3769 3772
3771 3774
3773 3777
3775 3778
3776 3778
3778 3781
3778 3783
3779 3784
3782 3785
3785 3788
3785 3790
3786 3791
3789 3792
3792 3795
3792 3797
3793 3798
3796 3799
3799 3802
3799 3804
3800 3805
3803 3806
3806 3809
3806 3811
3807 3812
3810 3815
3813 3816
3813 3818
3814 3819
3817 3820
3820 3823
3820 3825
3821 3826
3824 3827
3827 3830
3827 3832
3828 3833
3831 3834
3834 3837
3834 3839
3835 3840
3838 3841
3841 3844
3841 3845
3842 3846
3843 3847
3848 3851
3849 3854
3852 3855
3853 3856
3855 3858
3856 3861
3859 3862
3860 3863
3862 3865
3863 3868
3866 3869
3867 3870
3869 3872
3871 3875
3873 3876
3874 3876
3876 3879
3876 3881
3878 3882
3880 3883
3883 3886
3883 3888
3885 3889
3887 3890
3890 3893
3890 3895
3892 3896
3894 3897
3897 3900
3899 3903
3901 3904
3902 3904
3904 3907
3905 3910
3908 3911
3909 3912
3911 3914
3912 3917
3915 3918
3916 3919
3918 3921
3919 3924
3922 3925
3923 3926
3925 3928
3926 3931
3929 3932
3930 3933
3932 3935
3932 3936
3934 3938
3937 3940
3939 3942
3939 3944
3941 3945
3943 3946
3946 3949
3946 3951
3948 3952
3950 3953
3953 3956
3953 3958
3955 3959
3957 3960
3960 3963
3960 3964
3961 3965
3962 3966
3967 3970
3967 3972
3968 3973
3971 3974
3974 3977
3974 3979
3975 3980
3978 3981
3981 3984
3981 3986
3982 3987
3985 3988
3988 3991
3988 3993
3989 3994
3992 3995
